image: map01.jpg
resolution: 0.10000
origin: [-10.000000, -10.000000, 0.000000]
negate: 0
occupied_thresh: 0.55
free_thresh: 0.196
